Модуль=2911
Открытая экспонента=257

Задание – найти секретный ключ.

Буквы и символы кодируются трехзначными числами. Список необходимых приведен ниже:

a = 201
b = 202
c = 203
d = 204
...
y = 225
z = 226
Пробел = 901
Точка = 902
Запятая = 903
! = 904
? = 905
- = 917



Шифр
2130 1058 655 1572 1043 215 1916 655 1788 1572 655 532 2066 1587 1584 655 842 655 1043 2176 1553 655 2330 215 1788 1686 1584 1916 1058 655 1572 1416 1587 1788 214 487 655 2785 2176 779 655 2176 2066 1587 2775 655 1788 655 1058 779 1416 655 1686 2066 214 655 38 1587 1043 1043 1584 655 1416 1043 655 2176 779 2066 1587 655 2066 214 532 655 1916 779 1416 655 1416 2176 1058 655 487 779 214 1416 1916 779 655 288 1788 214 487 779 1587 1572 655 288 1916 1788 214 487 655 1788 1416 1572 655 2130 779 1916 1416 1788 214 487 655 2130 215 1587 2130 215 1587 1572 655 1043 655 779 1587 655 2130 1788 214 779 655 779 2066 1587 2296 655 1788 288 655 1788 214 655 1416 2176 1788 1572 655 2176 779 2066 1587 1416 655 2066 655 2176 1043 2775 779 655 38 779 655 532 779 2066 1587 1887 655 1416 2176 2066 1416 655 1572 1043 215 214 532 655 1572 2176 2066 1916 1916 655 1686 2176 2066 1587 2130 655 1788 1416 655 288 1043 1587 1416 2176 655 2066 487 2066 1788 214 1887 655 1788 288 655 1788 214 655 1416 2176 779 1572 779 655 779 1058 779 1572 655 1416 2176 779 1587 779 655 1916 215 1587 1584 655 2066 655 1416 779 2066 1587 1887 655 1416 160 1788 1916 1916 655 288 1916 1043 160 1887 655 2066 214 532 655 1686 779 2066 1572 779 655 1416 1043 655 38 215 1587 214 655 2130 1058 655 38 1587 2066 1788 214 2296

Каждый символ шифруется индивидуально! Пробелами разделены отдельные шифры каждого символа. Их можно расшифровывать по отдельности. Никакой связки блоков не использовалось. ECB.
